01352218
01352220
01352221
01352222
01352223
01352224
01352225
01352226
01352227
01352228
01352230
01352231
01352232
01352233
01352234
01352235
01352236
01352237
01352238
01352240
01352241
01352242
01352243
01352244
01352245
01352246
01352247
01352248
01352250
01352251
01352252
01352253
01352254
01352255
01352256
01352257
01352258
01352260
01352261
01352262
01352263
01352264
01352265
01352266
01352267
01352268
01352270
01352271
01352272
01352273
01352274
01352275
01352276
01352277
01352278
01352280
01352281
01352282
01352283
01352284
01352285
01352286
01352287
01352288
01352290
01352291
01352292
01352293
01352294
01352295
01352296
01352297
01352298
01352300
01352301
01352302
01352303
01352304
01352400
01352401
01352402
01352403
01352404
01352405
01352406
01352407
01352408
01352409
01352500
01352501
01352502
01352503
01352504
01352505
01352506
01352507
01352508
01352509
01352600
01352601
01352602
01352603
01352604
01352605
01352606
01352607
01352608
01352609
01352700
01352701
01352702
01352703
01352704
01352705
01352707
01352708
01352709
01352710
01352800
01352801
01352802
01352803
01352804
01352805
01352806
01352807
01352808
01352809
01352810
01352811
01352812
01352813
01352814
01352815
01352817
01352818
01352820
01352821
01352822
01352823
01352824
01352825
01352827
01352828
01352830
01352833
01352834
01352835
01352841
01352850
01352900
01352901
01352902
01352903
01352904
01352905
01352906
01352907
01352908
01352910
01352911
01352912
01352913
01352914
01352915
01352916
01352917
01352918
01352920
01352921
01352922
01352923
01352924
01352925
01352926
01352927
01352928
01352929
01352930
01352931
01352932
01352933
01352934
01352935
01352936
01352937
01352940
01352941
01352942
01352943
01352944
01352945
01352946
01352947
01352950
01352951
01352952
01352953
01352954
01352955
01352957
01352958
01352959
01352960
01352961
01352962
01352963
01352964
01352965
01352967
01352968
01352969
01352970
01352971
01352972
01352973
01352974
01352975
01352976
01352977
01352980
01353000
01353001
01353002
01353003
01353004
01353005
01353006
01353007
01353008
01353009
01353100
01353101
01353102
01353103
01353104
01353105
01353106
01353107
01353108
01353200
01353201
01353202
01353203
01353204
01353205
01353206
01353207
01353208
01353300
01353301
01353302
01353303
01353304
01353305
01353306
01353307
01353308
01353400
01353401
01353402
01353403
01353404
01353405
01353406
01353407
01353408
01353500
01353501
01353502
01353503
01353504
01353505
01353506
01353507
01353600
01353601
01353602
01353603
01353604
01353605
01353606
01353607
01353700
01353701
01353702
01353703
01353704
01353705
01353706
01353707
01353800
01353801
01353802
01353803
01353804
01353805
01353806
01353807
01362000
01362001
01362002
01362003
01362004
01362005
01362006
