00030011
00030012
00030013
00030014
00030015
00030016
00030017
00030071
00030072
00030073
00030074
00030075
00030076
00030077
00030081
00030082
00030083
00030084
00030085
00030086
00030087
00030091
00030092
00030093
00030094
00030095
00030096
00030097
00030390
00030391
00030392
00030393
00030394
00030395
00030396
00030397
00030500
00030501
00030502
00030503
00030504
00030505
00030506
00030507
00030580
00030581
00030582
00030583
00030584
00030585
00030586
00030587
00030690
00030691
00030692
00030693
00030694
00030695
00030696
00030697
00030928
00030929
00030960
00030961
00030962
00030963
00030964
00030965
00030966
00030967
00030970
00030971
00030972
00030973
00030974
00030975
00030976
00030977
00030980
00030981
00030982
00030983
00030984
00030985
00030986
00030987
00031390
00031391
00031392
00031393
00031394
00031395
00031396
00031397
00031500
00031501
00031502
00031503
00031504
00031505
00031506
00031507
00031570
00031571
00031572
00031573
00031574
00031575
00031576
00031577
00031580
00031581
00031582
00031583
00031584
00031585
00031586
00031587
00031600
00031601
00031602
00031603
00031604
00031605
00031606
00031607
00031960
00031961
00031962
00031963
00031964
00031965
00031966
00031967
00031970
00031971
00031972
00031973
00031974
00031975
00031976
00031977
00031980
00031981
00031982
00031983
00031984
00031985
00031986
00031987
00032000
00032001
00032002
00032003
00032004
00032005
00032006
00032007
00032010
00032011
00032012
00032013
00032014
00032015
00032016
00032017
00032020
00032021
00032022
00032023
00032024
00032025
00032026
00032027
00032030
00032031
00032032
00032033
00032034
00032035
00032036
00032037
00032040
00032041
00032042
00032043
00032044
00032045
00032046
00032047
00032050
00032051
00032052
00032053
00032054
00032055
00032056
00032057
00032060
00032061
00032062
00032063
00032064
00032065
00032066
00032067
00032070
00032071
00032072
00032073
00032074
00032075
00032076
00032077
00032080
00032081
00032082
00032083
00032084
00032085
00032086
00032087
00032090
00032091
00032092
00032093
00032094
00032095
00032096
00032097
00032100
00032101
00032102
00032103
00032104
00032105
00032106
00032107
00032110
00032111
00032112
00032113
00032114
00032115
00032116
00032117
00032170
00032171
00032172
00032173
00032174
00032175
00032176
00032177
00032180
00032181
00032182
00032183
00032184
00032185
00032186
00032187
00032190
00032191
00032192
00032193
00032194
00032195
00032196
00032197
00032200
00032201
00032202
00032203
00032204
00032205
00032206
00032207
00032210
00032211
00032212
00032213
00032214
00032215
00032216
00032217
00032220
00032221
00032222
00032223
00032224
00032225
00032226
00032227
00032230
00032231
00032232
00032233
00032234
00032235
00032236
00032237
00032240
00032241
00032242
00032243
00032244
00032245
00032246
00032247
00032250
00032251
00032252
00032253
00032254
00032255
00032256
00032257
00032260
00032261
00032262
00032263
00032264
00032265
00032266
00032267
00032270
00032271
00032272
00032273
00032274
00032275
00032276
00032277
00032280
00032281
00032282
00032283
00032284
00032285
00032286
00032287
00032290
00032291
00032292
00032293
00032294
00032295
00032296
00032297
00032300
00032301
00032302
00032303
00032304
00032305
00032306
00032307
00032310
00032311
00032312
00032313
00032314
00032315
00032316
00032317
00032320
00032321
00032322
00032323
00032324
00032325
00032326
00032327
00032330
00032331
00032332
00032333
00032334
00032335
00032336
00032337
00032340
00032341
00032342
00032343
00032344
00032345
00032346
00032347
00032350
00032351
00032352
00032353
00032354
00032355
00032356
00032357
00032360
00032361
00032362
00032363
00032364
00032365
00032366
00032367
00032370
00032371
00032372
00032373
00032374
00032375
00032376
00032377
00032380
00032381
00032382
00032383
00032384
00032385
00032386
00032387
00032390
00032391
00032392
00032393
00032394
00032395
00032396
00032397
00032400
00032401
00032402
00032403
00032404
00032405
00032406
00032407
00032410
00032411
00032412
00032413
00032414
00032415
00032416
00032417
00032420
00032421
00032422
00032423
00032424
00032425
00032426
00032427
00032460
00032461
00032462
00032463
00032464
00032465
00032466
00032467
00032480
00032481
00032482
00032483
00032484
00032485
00032486
00032487
00032510
00032511
00032512
00032513
00032514
00032515
00032516
00032517
00032520
00032521
00032522
00032523
00032524
00032525
00032526
00032527
00032530
00032531
00032532
00032533
00032534
00032535
00032536
00032537
00032540
00032541
00032542
00032543
00032544
00032545
00032546
00032547
00032550
00032551
00032552
00032553
00032554
00032555
00032556
00032557
00032560
00032561
00032562
00032563
00032564
00032565
00032566
00032567
00032570
00032571
00032572
00032573
00032574
00032575
00032576
00032577
00032580
00032581
00032582
00032583
00032584
00032585
00032586
00032587
00032590
00032591
00032592
00032593
00032594
00032595
00032596
00032597
00032600
00032601
00032602
00032603
00032604
00032605
00032606
00032607
00032610
00032611
00032612
00032613
00032614
00032615
00032616
00032617
00032620
00032621
00032622
00032623
00032624
00032625
00032626
00032627
00032630
00032631
00032632
00032633
00032634
00032635
00032636
00032637
00032640
00032641
00032642
00032643
00032644
00032645
00032646
00032647
00032650
00032651
00032652
00032653
00032654
00032655
00032656
00032657
00032660
00032661
00032662
00032663
00032664
00032665
00032666
00032667
00032670
00032671
00032672
00032673
00032674
00032675
00032676
00032677
00032680
00032681
00032682
00032683
00032684
00032685
00032686
00032687
00032690
00032691
00032692
00032693
00032694
00032695
00032696
00032697
00032700
00032701
00032702
00032703
00032704
00032705
00032706
00032707
00032710
00032711
00032712
00032713
00032714
00032715
00032716
00032717
00032770
00032771
00032772
00032773
00032774
00032775
00032776
00032777
00032780
00032781
00032782
00032783
00032784
00032785
00032786
00032787
00032790
00032791
00032792
00032793
00032794
00032795
00032796
00032797
00032800
00032801
00032802
00032803
00032804
00032805
00032806
00032807
00032810
00032811
00032812
00032813
00032814
00032815
00032816
00032817
00032820
00032821
00032822
00032823
00032824
00032825
00032826
00032827
00032830
00032831
00032832
00032833
00032834
00032835
00032836
00032837
00032840
00032841
00032842
00032843
00032844
00032845
00032846
00032847
00032850
00032851
00032852
00032853
00032854
00032855
00032856
00032857
00032860
00032861
00032862
00032863
00032864
00032865
00032866
00032867
00032870
00032871
00032872
00032873
00032874
00032875
00032876
00032877
00032880
00032881
00032882
00032883
00032884
00032885
00032886
00032887
00032890
00032891
00032892
00032893
00032894
00032895
00032896
00032897
00032900
00032901
00032902
00032903
00032904
00032905
00032906
00032907
00032910
00032911
00032912
00032913
00032914
00032915
00032916
00032917
00032920
00032921
00032922
00032923
00032924
00032925
00032926
00032927
00032930
00032931
00032932
00032933
00032934
00032935
00032936
00032937
00032940
00032941
00032942
00032943
00032944
00032945
00032946
00032947
00032950
00032951
00032952
00032953
00032954
00032955
00032956
00032957
00032960
00032961
00032962
00032963
00032964
00032965
00032966
00032967
00032970
00032971
00032972
00032973
00032974
00032975
00032976
00032977
00032980
00032981
00032982
00032983
00032984
00032985
00032986
00032987
00032990
00032991
00032992
00032993
00032994
00032995
00032996
00032997
00033010
00033011
00033012
00033013
00033014
00033015
00033016
00033017
00033020
00033021
00033022
00033023
00033024
00033025
00033026
00033027
00033560
00033561
00033562
00033563
00033564
00033565
00033566
00033567
00033570
00033571
00033572
00033573
00033574
00033575
00033576
00033577
00033840
00033841
00033842
00033843
00033844
00033845
00033846
00033847
00033850
00033851
00033852
00033853
00033854
00033855
00033856
00033857
00033860
00033861
00033862
00033863
00033864
00033865
00033866
00033867
00033870
00033871
00033872
00033873
00033874
00033875
00033876
00033877
00033880
00033881
00033882
00033883
00033884
00033885
00033886
00033887
00033890
00033891
00033892
00033893
00033894
00033895
00033896
00033897
00033900
00033901
00033902
00033903
00033904
00033905
00033906
00033907
00033910
00033911
00033912
00033913
00033914
00033915
00033916
00033917
00033920
00033921
00033922
00033923
00033924
00033925
00033926
00033927
00034020
00034021
00034022
00034023
00034024
00034025
00034026
00034027
00034030
00034031
00034032
00034033
00034034
00034035
00034036
00034037
00034500
00034501
00034502
00034503
00034504
00034505
00034506
00034507
00034520
00034521
00034522
00034523
00034524
00034525
00034526
00034527
00034530
00034531
00034532
00034533
00034534
00034535
00034536
00034537
00034550
00034551
00034552
00034553
00034554
00034555
00034556
00034557
00034570
00034571
00034572
00034573
00034574
00034575
00034576
00034577
00034580
00034581
00034582
00034583
00034584
00034585
00034586
00034587
00034920
00034921
00034922
00034923
00034924
00034925
00034926
00034927
00034930
00034931
00034932
00034933
00034934
00034935
00034936
00034937
00035320
00035321
00035322
00035323
00035324
00035325
00035326
00035327
00035370
00035371
00035372
00035373
00035374
00035375
00035376
00035377
00035380
00035381
00035382
00035383
00035384
00035385
00035386
00035387
00035390
00035391
00035392
00035393
00035394
00035395
00035396
00035397
00035400
00035401
00035402
00035403
00035404
00035405
00035406
00035407
00035610
00035611
00035612
00035613
00035614
00035615
00035616
00035617
00035840
00035841
00035842
00035843
00035844
00035845
00035846
00035847
00035850
00035851
00035852
00035853
00035854
00035855
00035856
00035857
00035860
00035861
00035862
00035863
00035864
00035865
00035866
00035867
00035870
00035871
00035872
00035873
00035874
00035875
00035876
00035877
00035880
00035881
00035882
00035883
00035884
00035885
00035886
00035887
00035890
00035891
00035892
00035893
00035894
00035895
00035896
00035897
00035900
00035901
00035902
00035903
00035904
00035905
00035906
00035907
00035910
00035911
00035912
00035913
00035914
00035915
00035916
00035917
00035920
00035921
00035922
00035923
00035924
00035925
00035926
00035927
00035930
00035931
00035932
00035933
00035934
00035935
00035936
00035937
00035940
00035941
00035942
00035943
00035944
00035945
00035946
00035947
00036060
00036061
00036062
00036063
00036064
00036065
00036066
00036067
00036270
00036271
00036272
00036273
00036274
00036275
00036276
00036277
00036320
00036321
00036322
00036323
00036324
00036325
00036326
00036327
00036610
00036611
00036612
00036613
00036614
00036615
00036616
00036617
00036660
00036661
00036662
00036663
00036664
00036665
00036666
00036667
00036960
00036961
00036962
00036963
00036964
00036965
00036966
00036967
00036970
00036971
00036972
00036973
00036974
00036975
00036976
00036977
00037150
00037151
00037152
00037153
00037154
00037155
00037156
00037157
00037160
00037161
00037162
00037163
00037164
00037165
00037166
00037167
00037170
00037171
00037172
00037173
00037174
00037175
00037176
00037177
00037330
00037331
00037332
00037333
00037334
00037335
00037336
00037337
00037360
00037361
00037362
00037363
00037364
00037365
00037366
00037367
00037390
00037391
00037392
00037393
00037394
00037395
00037396
00037397
00038148
00038510
00038511
00038512
00038513
00038514
00038515
00038516
00038517
00038720
00038721
00038722
00038723
00038724
00038725
00038726
00038727
00038870
00038871
00038872
00038873
00038874
00038875
00038876
00038877
00038920
00038921
00038922
00038923
00038924
00038925
00038926
00038927
00038950
00038951
00038952
00038953
00038954
00038955
00038956
00038957
00038970
00038971
00038972
00038973
00038974
00038975
00038976
00038977
00038980
00038981
00038982
00038983
00038984
00038985
00038986
00038987
00038990
00038991
00038992
00038993
00038994
00038995
00038996
00038997
00039000
00039001
00039002
00039003
00039004
00039005
00039006
00039007
00039010
00039011
00039012
00039013
00039014
00039015
00039016
00039017
00039020
00039021
00039022
00039023
00039024
00039025
00039026
00039027
00039030
00039031
00039032
00039033
00039034
00039035
00039036
00039037
00039040
00039041
00039042
00039043
00039044
00039045
00039046
00039047
00039050
00039051
00039052
00039053
00039054
00039055
00039056
00039057
00039060
00039061
00039062
00039063
00039064
00039065
00039066
00039067
00039070
00039071
00039072
00039073
00039074
00039075
00039076
00039077
00039080
00039081
00039082
00039083
00039084
00039085
00039086
00039087
00039100
00039101
00039102
00039103
00039104
00039105
00039106
00039107
00039110
00039111
00039112
00039113
00039114
00039115
00039116
00039117
00039120
00039121
00039122
00039123
00039124
00039125
00039126
00039127
00039130
00039131
00039132
00039133
00039134
00039135
00039136
00039137
00039140
00039141
00039142
00039143
00039144
00039145
00039146
00039147
00039150
00039151
00039152
00039153
00039154
00039155
00039156
00039157
00039160
00039161
00039162
00039163
00039164
00039165
00039166
00039167
00039170
00039171
00039172
00039173
00039174
00039175
00039176
00039177
00039180
00039181
00039182
00039183
00039184
00039185
00039186
00039187
00039190
00039191
00039192
00039193
00039194
00039195
00039196
00039197
00039200
00039201
00039202
00039203
00039204
00039205
00039206
00039207
00039210
00039211
00039212
00039213
00039214
00039215
00039216
00039217
00039220
00039221
00039222
00039223
00039224
00039225
00039226
00039227
00039230
00039231
00039232
00039233
00039234
00039235
00039236
00039237
00039240
00039241
00039242
00039243
00039244
00039245
00039246
00039247
00039250
00039251
00039252
00039253
00039254
00039255
00039256
00039257
00039260
00039261
00039262
00039263
00039264
00039265
00039266
00039267
00039270
00039271
00039272
00039273
00039274
00039275
00039276
00039277
00039280
00039281
00039282
00039283
00039284
00039285
00039286
00039287
00039290
00039291
00039292
00039293
00039294
00039295
00039296
00039297
00039300
00039301
00039302
00039303
00039304
00039305
00039306
00039307
00039310
00039311
00039312
00039313
00039314
00039315
00039316
00039317
00039320
00039321
00039322
00039323
00039324
00039325
00039326
00039327
00039330
00039331
00039332
00039333
00039334
00039335
00039336
00039337
00039340
00039341
00039342
00039343
00039344
00039345
00039346
00039347
00039350
00039351
00039352
00039353
00039354
00039355
00039356
00039357
00039360
00039361
00039362
00039363
00039364
00039365
00039366
00039367
00039370
00039371
00039372
00039373
00039374
00039375
00039376
00039377
00039380
00039381
00039382
00039383
00039384
00039385
00039386
00039387
00039390
00039391
00039392
00039393
00039394
00039395
00039396
00039397
00039400
00039401
00039402
00039403
00039404
00039405
00039406
00039407
00039410
00039411
00039412
00039413
00039414
00039415
00039416
00039417
00039420
00039421
00039422
00039423
00039424
00039425
00039426
00039427
00039430
00039431
00039432
00039433
00039434
00039435
00039436
00039437
00039440
00039441
00039442
00039443
00039444
00039445
00039446
00039447
00039450
00039451
00039452
00039453
00039454
00039455
00039456
00039457
00039460
00039461
00039462
00039463
00039464
00039465
00039466
00039467
00039470
00039471
00039472
00039473
00039474
00039475
00039476
00039477
00039480
00039481
00039482
00039483
00039484
00039485
00039486
00039487
00039490
00039491
00039492
00039493
00039494
00039495
00039496
00039497
00039500
00039501
00039502
00039503
00039504
00039505
00039506
00039507
00039510
00039511
00039512
00039513
00039514
00039515
00039516
00039517
00039520
00039521
00039522
00039523
00039524
00039525
00039526
00039527
00039530
00039531
00039532
00039533
00039534
00039535
00039536
00039537
00039540
00039541
00039542
00039543
00039544
00039545
00039546
00039547
00039550
00039551
00039552
00039553
00039554
00039555
00039556
00039557
00039560
00039561
00039562
00039563
00039564
00039565
00039566
00039567
00039570
00039571
00039572
00039573
00039574
00039575
00039576
00039577
00039580
00039581
00039582
00039583
00039584
00039585
00039586
00039587
00039590
00039591
00039592
00039593
00039594
00039595
00039596
00039597
00039600
00039601
00039602
00039603
00039604
00039605
00039606
00039607
00039610
00039611
00039612
00039613
00039614
00039615
00039616
00039617
00039620
00039621
00039622
00039623
00039624
00039625
00039626
00039627
00039630
00039631
00039632
00039633
00039634
00039635
00039636
00039637
00039640
00039641
00039642
00039643
00039644
00039645
00039646
00039647
00039650
00039651
00039652
00039653
00039654
00039655
00039656
00039657
00039660
00039661
00039662
00039663
00039664
00039665
00039666
00039667
00039670
00039671
00039672
00039673
00039674
00039675
00039676
00039677
00039680
00039681
00039682
00039683
00039684
00039685
00039686
00039687
00039690
00039691
00039692
00039693
00039694
00039695
00039696
00039697
00039700
00039701
00039702
00039703
00039704
00039705
00039706
00039707
00039710
00039711
00039712
00039713
00039714
00039715
00039716
00039717
00039720
00039721
00039722
00039723
00039724
00039725
00039726
00039727
00039730
00039731
00039732
00039733
00039734
00039735
00039736
00039737
00039740
00039741
00039742
00039743
00039744
00039745
00039746
00039747
00039750
00039751
00039752
00039753
00039754
00039755
00039756
00039757
00039760
00039761
00039762
00039763
00039764
00039765
00039766
00039767
00039770
00039771
00039772
00039773
00039774
00039775
00039776
00039777
00039780
00039781
00039782
00039783
00039784
00039785
00039786
00039787
00039790
00039791
00039792
00039793
00039794
00039795
00039796
00039797
00039800
00039801
00039802
00039803
00039804
00039805
00039806
00039807
00039810
00039811
00039812
00039813
00039814
00039815
00039816
00039817
00039820
00039821
00039822
00039823
00039824
00039825
00039826
00039827
00039830
00039831
00039832
00039833
00039834
00039835
00039836
00039837
00039840
00039841
00039842
00039843
00039844
00039845
00039846
00039847
00039850
00039851
00039852
00039853
00039854
00039855
00039856
00039857
00039860
00039861
00039862
00039863
00039864
00039865
00039866
00039867
00039870
00039871
00039872
00039873
00039874
00039875
00039876
00039877
00039880
00039881
00039882
00039883
00039884
00039885
00039886
00039887
00039890
00039891
00039892
00039893
00039894
00039895
00039896
00039897
00039900
00039901
00039902
00039903
00039904
00039905
00039906
00039907
00039910
00039911
00039912
00039913
00039914
00039915
00039916
00039917
00039920
00039921
00039922
00039923
00039924
00039925
00039926
00039927
00039930
00039931
00039932
00039933
00039934
00039935
00039936
00039937
00039940
00039941
00039942
00039943
00039944
00039945
00039946
00039947
00039950
00039951
00039952
00039953
00039954
00039955
00039956
00039957
00039960
00039961
00039962
00039963
00039964
00039965
00039966
00039967
00039970
00039971
00039972
00039973
00039974
00039975
00039976
00039977
00039980
00039981
00039982
00039983
00039984
00039985
00039986
00039987
00039990
00039991
00039992
00039993
00039994
00039995
00039996
00039997
00040070
00040071
00040072
00040073
00040074
00040075
00040076
00040077
00040080
00040081
00040082
00040083
00040084
00040085
00040086
00040087
00042100
00042101
00042102
00042103
00042104
00042105
00042106
00042107
00043270
00043271
00043272
00043273
00043274
00043275
00043276
00043277
00044440
00044441
00044442
00044443
00044444
00044445
00044446
00044447
00044450
00044451
00044452
00044453
00044454
00044455
00044456
00044457
00046540
00046541
00046542
00046543
00046544
00046545
00046546
00046547
00046550
00046551
00046552
00046553
00046554
00046555
00046556
00046557
00047140
00047141
00047142
00047143
00047144
00047145
00047146
00047147
00048670
00048671
00048672
00048673
00048674
00048675
00048676
00048677
00048680
00048681
00048682
00048683
00048684
00048685
00048686
00048687
00048690
00048691
00048692
00048693
00048694
00048695
00048696
00048697
00063110
00063111
00063112
00063113
00063114
00063115
00063116
00063117
00063120
00063121
00063122
00063123
00063124
00063125
00063126
00063127
00063130
00063131
00063132
00063133
00063134
00063135
00063136
00063137
00063140
00063141
00063142
00063143
00063144
00063145
00063146
00063147
00063150
00063151
00063152
00063153
00063154
00063155
00063156
00063157
00063160
00063161
00063162
00063163
00063164
00063165
00063166
00063167
00063480
00063481
00063482
00063483
00063484
00063485
00063486
00063487
00063490
00063491
00063492
00063493
00063494
00063495
00063496
00063497
00064610
00064611
00064612
00064613
00064614
00064615
00064616
00064617
00064620
00064621
00064622
00064623
00064624
00064625
00064626
00064627
00064630
00064631
00064632
00064633
00064634
00064635
00064636
00064637
00064640
00064641
00064642
00064643
00064644
00064645
00064646
00064647
00064650
00064651
00064652
00064653
00064654
00064655
00064656
00064657
00064660
00064661
00064662
00064663
00064664
00064665
00064666
00064667
00064910
00064911
00064912
00064913
00064914
00064915
00064916
00064917
00064920
00064921
00064922
00064923
00064924
00064925
00064926
00064927
