00020079
00020858
00020859
00020861
00020863
00020865
00020868
00020869
00020871
00020874
00020875
00020876
00020877
00020894
00020899
00021037
00021137
00021237
00021337
00021437
00021537
00021637
00021737
00021837
00021856
00021857
00021861
00021864
00021869
00021870
00021871
00021872
00021873
00021874
00021875
00021877
00021879
00021894
00021895
00021897
00021898
00022222
00023009
00023109
00023209
00023309
00023409
00023509
00023609
00023709
00023800
00023801
00023809
00023812
00023826
00023853
00023873
00023895
00024017
00024033
00024065
00024076
00024117
00024133
00024217
00024233
00024317
00024333
00024417
00024433
00024517
00024533
00024617
00024633
00024717
00024733
00024803
00024817
00024832
00024833
00024837
00024873
00024891
00025102
00025202
00025302
00025402
00025502
00025602
00025702
00025802
00025804
00025822
00025825
00025851
00025879
00025885
00025889
00026401
00026828
00026831
00026885
00026891
00026895
00027093
00027094
00027193
00027194
00027293
00027294
00027393
00027394
00027493
00027494
00027593
00027594
00027693
00027694
00027793
00027794
00027819
00027848
00027849
00027869
00027880
00027890
00027891
00027893
00027894
00028811
00028850
00028853
00028854
00028876
00028889
00028896
00050807
