01242053
01242054
01242055
01242056
01242057
01242058
01242059
01242060
01242061
01242062
01242063
01242064
01242065
01242066
01242067
01242068
01242069
01242070
01242075
01242076
01242077
01242078
01242079
01242080
01242081
01242082
01242083
01242084
01242085
01242086
01242087
01242088
01242089
01242090
01242091
01242095
01242099
01242100
01242101
01242102
01242103
01242116
01242117
01242118
01242120
01242121
01242122
01242123
01242124
01242125
01242127
01242129
01242131
01242132
01242133
01242134
01242135
01242136
01242137
01242138
01242139
01242140
01242141
01242142
01242143
01242144
01242145
01252000
01252001
01252002
01252003
01252004
01252005
01252006
01252007
01252008
01252009
01252010
01252011
01252012
01252013
01252014
01252015
01252016
01252017
01252018
01252019
01252020
01252021
01252022
01252023
01252024
01252025
01252026
01252027
01252028
01252029
01252030
01252031
01252032
01252033
01252034
01252035
01252036
01252037
01252038
01252039
01252040
01252041
01252042
01252043
01252044
01252045
01252046
01252047
01252048
01252049
01252050
01252051
01252052
01252053
01252054
01252056
01252057
01252058
01252059
01252060
01252061
01252062
01252063
01252064
01252065
01252066
01252081
01252082
01252083
01252084
01252085
01252086
01252087
01252092
01252093
01252095
01252097
01252098
01252100
01252101
01252102
01252103
01252104
01252105
01252106
01252107
01262000
01262001
01262002
01262003
01262004
01262005
01262006
01262007
01262008
01262009
01262010
01262011
01262012
01262013
01262014
01262015
01262016
01262017
01262018
01262019
01262020
01262021
01262022
01262023
01262024
01262025
01262027
01262028
01262029
01262030
01262031
01262032
01262033
01262034
01262035
01262037
01262038
01262039
01262040
01262041
01262043
01262045
01262046
01262047
01262048
01262050
01262051
01262052
01262053
01272000
01272001
01272002
01272003
01272004
01272005
01272006
01272007
01272008
01272009
01272010
01272011
01272012
01272013
01272014
01272015
01272016
01272017
01272018
01272019
01272020
01272021
01272022
01272023
01272024
01272025
01272026
01272027
01272028
01272029
01272030
01272031
01272032
01272035
01272036
01272037
01272039
01272040
01272041
01272042
01272043
01282000
01282001
01282002
01282003
01282004
01282005
01282006
01282007
01282008
01282009
01282010
01282011
01282012
01282013
01282014
01282015
01282016
01282017
01282018
01282019
01282020
01282021
01282022
01282023
01282024
01282025
01282026
01282027
01282028
01282029
01282030
01282031
01282034
01282035
01282036
01282037
01282039
01282040
01282041
01282042
01282043
01292000
01292001
01292002
01292003
01292004
01292005
01292006
01292007
01292008
01292009
01292010
01292011
01292012
01292013
01292014
01292015
01292016
01292017
01292018
01292019
01292020
01292021
01292022
01292023
01292024
01292025
01292026
01292027
01292028
01292029
01292030
01292033
01292034
01292035
01292036
01292039
01292041
